                           Logit Regression Results                           
==============================================================================
Dep. Variable:               lr_event   No. Observations:                78760
Model:                          Logit   Df Residuals:                    78693
Method:                           MLE   Df Model:                           66
Date:                Sun, 06 Jul 2025   Pseudo R-squ.:                  0.2616
Time:                        15:31:08   Log-Likelihood:                -32509.
converged:                       True   LL-Null:                       -44024.
Covariance Type:            nonrobust   LLR p-value:                     0.000
==============================================================================
                 coef    std err          z      P>|z|      [0.025      0.975]
------------------------------------------------------------------------------
mil            0.0737      0.022      3.408      0.001       0.031       0.116
CL_2          -0.4332      0.065     -6.710      0.000      -0.560      -0.307
CL_3          -1.8717      0.166    -11.292      0.000      -2.197      -1.547
PF_2          -0.1520      0.071     -2.154      0.031      -0.290      -0.014
PF_3          -0.0435      0.021     -2.100      0.036      -0.084      -0.003
pyear_2019    -2.1372      0.096    -22.240      0.000      -2.326      -1.949
pyear_2020     0.9803      0.034     29.175      0.000       0.914       1.046
pyear_2021    -0.0484      0.034     -1.415      0.157      -0.115       0.019
pyear_2022    -1.1035      0.038    -28.931      0.000      -1.178      -1.029
pyear_2023     2.4210      0.032     76.635      0.000       2.359       2.483
length_2       0.1289      0.049      2.638      0.008       0.033       0.225
length_3      -0.0134      0.053     -0.251      0.802      -0.118       0.091
length_4      -0.3979      0.061     -6.571      0.000      -0.517      -0.279
length_5       0.0020      0.060      0.033      0.974      -0.116       0.120
length_6       0.4497      0.060      7.479      0.000       0.332       0.568
length_7      -0.0491      0.060     -0.814      0.415      -0.167       0.069
length_8      -0.1922      0.064     -2.989      0.003      -0.318      -0.066
length_9      -0.8982      0.066    -13.649      0.000      -1.027      -0.769
length_10      0.0763      0.052      1.456      0.145      -0.026       0.179
length_11     -0.3648      0.064     -5.733      0.000      -0.490      -0.240
length_12     -0.8611      0.071    -12.159      0.000      -1.000      -0.722
length_13      0.0377      0.064      0.589      0.556      -0.088       0.163
length_14      0.0392      0.074      0.529      0.597      -0.106       0.184
length_15     -0.3297      0.069     -4.781      0.000      -0.465      -0.195
length_16     -0.0523      0.165     -0.318      0.751      -0.375       0.271
month_2       -0.0503      0.056     -0.893      0.372      -0.161       0.060
month_3        0.3250      0.056      5.805      0.000       0.215       0.435
month_4        0.7637      0.047     16.123      0.000       0.671       0.856
month_5        0.0238      0.055      0.435      0.664      -0.084       0.131
month_6        0.3268      0.058      5.614      0.000       0.213       0.441
month_7       -0.3337      0.053     -6.326      0.000      -0.437      -0.230
month_8        0.0996      0.056      1.769      0.077      -0.011       0.210
month_9        0.6517      0.058     11.169      0.000       0.537       0.766
month_10      -0.0366      0.049     -0.749      0.454      -0.132       0.059
month_11       0.0050      0.053      0.093      0.926      -0.100       0.110
month_12      -0.1875      0.059     -3.166      0.002      -0.304      -0.071
state_1       -1.5363      0.094    -16.377      0.000      -1.720      -1.352
state_2       -1.6101      0.046    -35.158      0.000      -1.700      -1.520
state_3       -1.5072      0.072    -21.022      0.000      -1.648      -1.367
state_4       -1.8952      0.196     -9.682      0.000      -2.279      -1.512
state_5       -2.2516      0.164    -13.750      0.000      -2.573      -1.931
state_6       -1.7447      0.067    -26.158      0.000      -1.875      -1.614
state_7       -1.0783      0.076    -14.209      0.000      -1.227      -0.930
state_8       -1.5192      0.100    -15.267      0.000      -1.714      -1.324
state_9       -1.6668      0.079    -21.003      0.000      -1.822      -1.511
state_10      -1.0314      0.090    -11.482      0.000      -1.208      -0.855
state_11      -1.6351      0.148    -11.035      0.000      -1.925      -1.345
state_12      -2.7344      0.142    -19.225      0.000      -3.013      -2.456
state_13      -1.9101      0.057    -33.600      0.000      -2.022      -1.799
state_14      -1.5603      0.050    -30.945      0.000      -1.659      -1.462
state_15      -0.8720      0.084    -10.347      0.000      -1.037      -0.707
state_16      -1.8393      0.316     -5.823      0.000      -2.458      -1.220
state_17      -1.2826      0.134     -9.575      0.000      -1.545      -1.020
state_18      -1.4831      0.106    -14.055      0.000      -1.690      -1.276
state_19      -1.9190      0.059    -32.601      0.000      -2.034      -1.804
state_20      -1.9964      0.070    -28.577      0.000      -2.133      -1.859
state_21      -2.0291      0.072    -28.016      0.000      -2.171      -1.887
state_22      -1.7237      0.083    -20.786      0.000      -1.886      -1.561
state_23      -2.0065      0.071    -28.145      0.000      -2.146      -1.867
state_24      -1.5249      0.073    -21.000      0.000      -1.667      -1.383
state_25      -1.6398      0.070    -23.434      0.000      -1.777      -1.503
state_26      -1.4068      0.100    -14.103      0.000      -1.602      -1.211
state_27      -1.4838      0.097    -15.348      0.000      -1.673      -1.294
state_28      -1.5417      0.090    -17.148      0.000      -1.718      -1.365
state_29      -2.0646      0.057    -35.947      0.000      -2.177      -1.952
state_30      -1.8631      0.053    -35.449      0.000      -1.966      -1.760
state_31      -0.3837      0.064     -5.958      0.000      -0.510      -0.257
==============================================================================