        Logit Marginal Effects       
=====================================
Dep. Variable:               lr_event
Method:                          dydx
At:                           overall
==============================================================================
                dy/dx    std err          z      P>|z|      [0.025      0.975]
------------------------------------------------------------------------------
mil            0.0096      0.003      3.408      0.001       0.004       0.015
CL_2          -0.0564      0.008     -6.715      0.000      -0.073      -0.040
CL_3          -0.2439      0.022    -11.322      0.000      -0.286      -0.202
PF_2          -0.0198      0.009     -2.154      0.031      -0.038      -0.002
PF_3          -0.0057      0.003     -2.101      0.036      -0.011      -0.000
pyear_2019    -0.2785      0.013    -22.242      0.000      -0.303      -0.254
pyear_2020     0.1277      0.004     29.605      0.000       0.119       0.136
pyear_2021    -0.0063      0.004     -1.415      0.157      -0.015       0.002
pyear_2022    -0.1438      0.005    -29.215      0.000      -0.153      -0.134
pyear_2023     0.3154      0.003     90.390      0.000       0.309       0.322
length_2       0.0168      0.006      2.637      0.008       0.004       0.029
length_3      -0.0017      0.007     -0.251      0.802      -0.015       0.012
length_4      -0.0518      0.008     -6.580      0.000      -0.067      -0.036
length_5       0.0003      0.008      0.033      0.974      -0.015       0.016
length_6       0.0586      0.008      7.480      0.000       0.043       0.074
length_7      -0.0064      0.008     -0.815      0.415      -0.022       0.009
length_8      -0.0250      0.008     -2.991      0.003      -0.041      -0.009
length_9      -0.1170      0.009    -13.710      0.000      -0.134      -0.100
length_10      0.0099      0.007      1.456      0.145      -0.003       0.023
length_11     -0.0475      0.008     -5.739      0.000      -0.064      -0.031
length_12     -0.1122      0.009    -12.196      0.000      -0.130      -0.094
length_13      0.0049      0.008      0.589      0.556      -0.011       0.021
length_14      0.0051      0.010      0.528      0.597      -0.014       0.024
length_15     -0.0430      0.009     -4.785      0.000      -0.061      -0.025
length_16     -0.0068      0.021     -0.318      0.751      -0.049       0.035
month_2       -0.0066      0.007     -0.893      0.372      -0.021       0.008
month_3        0.0424      0.007      5.806      0.000       0.028       0.057
month_4        0.0995      0.006     16.171      0.000       0.087       0.112
month_5        0.0031      0.007      0.435      0.664      -0.011       0.017
month_6        0.0426      0.008      5.615      0.000       0.028       0.057
month_7       -0.0435      0.007     -6.334      0.000      -0.057      -0.030
month_8        0.0130      0.007      1.769      0.077      -0.001       0.027
month_9        0.0849      0.008     11.184      0.000       0.070       0.100
month_10      -0.0048      0.006     -0.749      0.454      -0.017       0.008
month_11       0.0006      0.007      0.093      0.926      -0.013       0.014
month_12      -0.0244      0.008     -3.167      0.002      -0.040      -0.009
state_1       -0.2002      0.012    -16.446      0.000      -0.224      -0.176
state_2       -0.2098      0.006    -35.861      0.000      -0.221      -0.198
state_3       -0.1964      0.009    -21.166      0.000      -0.215      -0.178
state_4       -0.2469      0.025     -9.696      0.000      -0.297      -0.197
state_5       -0.2934      0.021    -13.791      0.000      -0.335      -0.252
state_6       -0.2273      0.009    -26.458      0.000      -0.244      -0.210
state_7       -0.1405      0.010    -14.251      0.000      -0.160      -0.121
state_8       -0.1979      0.013    -15.324      0.000      -0.223      -0.173
state_9       -0.2172      0.010    -21.153      0.000      -0.237      -0.197
state_10      -0.1344      0.012    -11.505      0.000      -0.157      -0.111
state_11      -0.2130      0.019    -11.056      0.000      -0.251      -0.175
state_12      -0.3563      0.018    -19.341      0.000      -0.392      -0.320
state_13      -0.2489      0.007    -34.248      0.000      -0.263      -0.235
state_14      -0.2033      0.006    -31.430      0.000      -0.216      -0.191
state_15      -0.1136      0.011    -10.367      0.000      -0.135      -0.092
state_16      -0.2396      0.041     -5.826      0.000      -0.320      -0.159
state_17      -0.1671      0.017     -9.589      0.000      -0.201      -0.133
state_18      -0.1932      0.014    -14.098      0.000      -0.220      -0.166
state_19      -0.2500      0.008    -33.184      0.000      -0.265      -0.235
state_20      -0.2601      0.009    -28.992      0.000      -0.278      -0.243
state_21      -0.2644      0.009    -28.336      0.000      -0.283      -0.246
state_22      -0.2246      0.011    -20.937      0.000      -0.246      -0.204
state_23      -0.2614      0.009    -28.505      0.000      -0.279      -0.243
state_24      -0.1987      0.009    -21.147      0.000      -0.217      -0.180
state_25      -0.2137      0.009    -23.631      0.000      -0.231      -0.196
state_26      -0.1833      0.013    -14.144      0.000      -0.209      -0.158
state_27      -0.1933      0.013    -15.402      0.000      -0.218      -0.169
state_28      -0.2009      0.012    -17.229      0.000      -0.224      -0.178
state_29      -0.2690      0.007    -36.780      0.000      -0.283      -0.255
state_30      -0.2427      0.007    -36.196      0.000      -0.256      -0.230
state_31      -0.0500      0.008     -5.960      0.000      -0.066      -0.034
==============================================================================